{
 "cells": [
  {
   "cell_type": "code",
   "execution_count": 1,
   "metadata": {},
   "outputs": [],
   "source": [
    "import numpy as np\n",
    "import pandas as pd\n",
    "\n",
    "from sklearn import manifold\n",
    "from sklearn.metrics import euclidean_distances\n",
    "from sklearn.decomposition import PCA\n",
    "\n",
    "import plotly.plotly as py\n",
    "from plotly.graph_objs import *"
   ]
  },
  {
   "cell_type": "code",
   "execution_count": 2,
   "metadata": {},
   "outputs": [],
   "source": [
    "coords = pd.DataFrame(columns=['x', 'y', 'z'])"
   ]
  },
  {
   "cell_type": "code",
   "execution_count": 3,
   "metadata": {},
   "outputs": [],
   "source": [
    "# Start with some coordinates\n",
    "coords.loc['A'] = [0, 0, 0]\n",
    "coords.loc['B'] = [12, 15, 18]\n",
    "coords.loc['C'] = [25, 35, 28]\n",
    "coords.loc['F'] = [21, 12, 29]\n",
    "coords.loc['E'] = [21, 14, 15]\n",
    "coords.loc['J'] = [22, 32, 27]"
   ]
  },
  {
   "cell_type": "code",
   "execution_count": 4,
   "metadata": {},
   "outputs": [
    {
     "data": {
      "text/html": [
       "<div>\n",
       "<style>\n",
       "    .dataframe thead tr:only-child th {\n",
       "        text-align: right;\n",
       "    }\n",
       "\n",
       "    .dataframe thead th {\n",
       "        text-align: left;\n",
       "    }\n",
       "\n",
       "    .dataframe tbody tr th {\n",
       "        vertical-align: top;\n",
       "    }\n",
       "</style>\n",
       "<table border=\"1\" class=\"dataframe\">\n",
       "  <thead>\n",
       "    <tr style=\"text-align: right;\">\n",
       "      <th></th>\n",
       "      <th>x</th>\n",
       "      <th>y</th>\n",
       "      <th>z</th>\n",
       "    </tr>\n",
       "  </thead>\n",
       "  <tbody>\n",
       "    <tr>\n",
       "      <th>A</th>\n",
       "      <td>0</td>\n",
       "      <td>0</td>\n",
       "      <td>0</td>\n",
       "    </tr>\n",
       "    <tr>\n",
       "      <th>B</th>\n",
       "      <td>12</td>\n",
       "      <td>15</td>\n",
       "      <td>18</td>\n",
       "    </tr>\n",
       "    <tr>\n",
       "      <th>C</th>\n",
       "      <td>25</td>\n",
       "      <td>35</td>\n",
       "      <td>28</td>\n",
       "    </tr>\n",
       "    <tr>\n",
       "      <th>F</th>\n",
       "      <td>21</td>\n",
       "      <td>12</td>\n",
       "      <td>29</td>\n",
       "    </tr>\n",
       "    <tr>\n",
       "      <th>E</th>\n",
       "      <td>21</td>\n",
       "      <td>14</td>\n",
       "      <td>15</td>\n",
       "    </tr>\n",
       "    <tr>\n",
       "      <th>J</th>\n",
       "      <td>22</td>\n",
       "      <td>32</td>\n",
       "      <td>27</td>\n",
       "    </tr>\n",
       "  </tbody>\n",
       "</table>\n",
       "</div>"
      ],
      "text/plain": [
       "    x   y   z\n",
       "A   0   0   0\n",
       "B  12  15  18\n",
       "C  25  35  28\n",
       "F  21  12  29\n",
       "E  21  14  15\n",
       "J  22  32  27"
      ]
     },
     "execution_count": 4,
     "metadata": {},
     "output_type": "execute_result"
    }
   ],
   "source": [
    "coords"
   ]
  },
  {
   "cell_type": "code",
   "execution_count": 5,
   "metadata": {},
   "outputs": [],
   "source": [
    "# Compute the distance matrix \n",
    "similarities = euclidean_distances(coords.values)\n",
    "similarities = pd.DataFrame(similarities, index=coords.index,\n",
    "                            columns=coords.index)"
   ]
  },
  {
   "cell_type": "code",
   "execution_count": 6,
   "metadata": {},
   "outputs": [
    {
     "data": {
      "text/html": [
       "<div>\n",
       "<style>\n",
       "    .dataframe thead tr:only-child th {\n",
       "        text-align: right;\n",
       "    }\n",
       "\n",
       "    .dataframe thead th {\n",
       "        text-align: left;\n",
       "    }\n",
       "\n",
       "    .dataframe tbody tr th {\n",
       "        vertical-align: top;\n",
       "    }\n",
       "</style>\n",
       "<table border=\"1\" class=\"dataframe\">\n",
       "  <thead>\n",
       "    <tr style=\"text-align: right;\">\n",
       "      <th></th>\n",
       "      <th>A</th>\n",
       "      <th>B</th>\n",
       "      <th>C</th>\n",
       "      <th>F</th>\n",
       "      <th>E</th>\n",
       "      <th>J</th>\n",
       "    </tr>\n",
       "  </thead>\n",
       "  <tbody>\n",
       "    <tr>\n",
       "      <th>A</th>\n",
       "      <td>0.000000</td>\n",
       "      <td>26.324893</td>\n",
       "      <td>51.322510</td>\n",
       "      <td>37.762415</td>\n",
       "      <td>29.359837</td>\n",
       "      <td>47.296934</td>\n",
       "    </tr>\n",
       "    <tr>\n",
       "      <th>B</th>\n",
       "      <td>26.324893</td>\n",
       "      <td>0.000000</td>\n",
       "      <td>25.865034</td>\n",
       "      <td>14.525839</td>\n",
       "      <td>9.539392</td>\n",
       "      <td>21.679483</td>\n",
       "    </tr>\n",
       "    <tr>\n",
       "      <th>C</th>\n",
       "      <td>51.322510</td>\n",
       "      <td>25.865034</td>\n",
       "      <td>0.000000</td>\n",
       "      <td>23.366643</td>\n",
       "      <td>25.019992</td>\n",
       "      <td>4.358899</td>\n",
       "    </tr>\n",
       "    <tr>\n",
       "      <th>F</th>\n",
       "      <td>37.762415</td>\n",
       "      <td>14.525839</td>\n",
       "      <td>23.366643</td>\n",
       "      <td>0.000000</td>\n",
       "      <td>14.142136</td>\n",
       "      <td>20.124612</td>\n",
       "    </tr>\n",
       "    <tr>\n",
       "      <th>E</th>\n",
       "      <td>29.359837</td>\n",
       "      <td>9.539392</td>\n",
       "      <td>25.019992</td>\n",
       "      <td>14.142136</td>\n",
       "      <td>0.000000</td>\n",
       "      <td>21.656408</td>\n",
       "    </tr>\n",
       "    <tr>\n",
       "      <th>J</th>\n",
       "      <td>47.296934</td>\n",
       "      <td>21.679483</td>\n",
       "      <td>4.358899</td>\n",
       "      <td>20.124612</td>\n",
       "      <td>21.656408</td>\n",
       "      <td>0.000000</td>\n",
       "    </tr>\n",
       "  </tbody>\n",
       "</table>\n",
       "</div>"
      ],
      "text/plain": [
       "           A          B          C          F          E          J\n",
       "A   0.000000  26.324893  51.322510  37.762415  29.359837  47.296934\n",
       "B  26.324893   0.000000  25.865034  14.525839   9.539392  21.679483\n",
       "C  51.322510  25.865034   0.000000  23.366643  25.019992   4.358899\n",
       "F  37.762415  14.525839  23.366643   0.000000  14.142136  20.124612\n",
       "E  29.359837   9.539392  25.019992  14.142136   0.000000  21.656408\n",
       "J  47.296934  21.679483   4.358899  20.124612  21.656408   0.000000"
      ]
     },
     "execution_count": 6,
     "metadata": {},
     "output_type": "execute_result"
    }
   ],
   "source": [
    "similarities"
   ]
  },
  {
   "cell_type": "code",
   "execution_count": 7,
   "metadata": {},
   "outputs": [],
   "source": [
    "# Multi-dimensional scaling \n",
    "# distance matrix ----> coordinates on some basis\n",
    "mds = manifold.MDS(n_components=3, max_iter=3000, eps=1e-9,\n",
    "                   dissimilarity='precomputed', n_jobs=1)\n",
    "\n",
    "pos = mds.fit(similarities.values).embedding_"
   ]
  },
  {
   "cell_type": "code",
   "execution_count": 8,
   "metadata": {},
   "outputs": [],
   "source": [
    "# Rotate both sets of coordinates to the same basis in order to compare them\n",
    "\n",
    "clf = PCA(n_components=3)\n",
    "coords_rotated = clf.fit_transform(coords.values)\n",
    "pos_rotated = clf.fit_transform(pos)\n",
    "\n",
    "coords_rotated = pd.DataFrame(coords_rotated, \n",
    "                              index=coords.index,\n",
    "                              columns=coords.columns)\n",
    "\n",
    "pos_rotated = pd.DataFrame(pos_rotated,\n",
    "                           index=coords.index,\n",
    "                           columns=coords.columns)"
   ]
  },
  {
   "cell_type": "code",
   "execution_count": 9,
   "metadata": {},
   "outputs": [
    {
     "data": {
      "text/html": [
       "<div>\n",
       "<style>\n",
       "    .dataframe thead tr:only-child th {\n",
       "        text-align: right;\n",
       "    }\n",
       "\n",
       "    .dataframe thead th {\n",
       "        text-align: left;\n",
       "    }\n",
       "\n",
       "    .dataframe tbody tr th {\n",
       "        vertical-align: top;\n",
       "    }\n",
       "</style>\n",
       "<table border=\"1\" class=\"dataframe\">\n",
       "  <thead>\n",
       "    <tr style=\"text-align: right;\">\n",
       "      <th></th>\n",
       "      <th>x</th>\n",
       "      <th>y</th>\n",
       "      <th>z</th>\n",
       "    </tr>\n",
       "  </thead>\n",
       "  <tbody>\n",
       "    <tr>\n",
       "      <th>A</th>\n",
       "      <td>31.152687</td>\n",
       "      <td>-4.051572</td>\n",
       "      <td>-0.840229</td>\n",
       "    </tr>\n",
       "    <tr>\n",
       "      <th>B</th>\n",
       "      <td>5.161337</td>\n",
       "      <td>-0.362556</td>\n",
       "      <td>-2.800048</td>\n",
       "    </tr>\n",
       "    <tr>\n",
       "      <th>C</th>\n",
       "      <td>-20.153147</td>\n",
       "      <td>-4.657603</td>\n",
       "      <td>0.319169</td>\n",
       "    </tr>\n",
       "    <tr>\n",
       "      <th>F</th>\n",
       "      <td>-3.294740</td>\n",
       "      <td>11.396498</td>\n",
       "      <td>-1.695772</td>\n",
       "    </tr>\n",
       "    <tr>\n",
       "      <th>E</th>\n",
       "      <td>3.275963</td>\n",
       "      <td>1.763572</td>\n",
       "      <td>6.306266</td>\n",
       "    </tr>\n",
       "    <tr>\n",
       "      <th>J</th>\n",
       "      <td>-16.142101</td>\n",
       "      <td>-4.088339</td>\n",
       "      <td>-1.289386</td>\n",
       "    </tr>\n",
       "  </tbody>\n",
       "</table>\n",
       "</div>"
      ],
      "text/plain": [
       "           x          y         z\n",
       "A  31.152687  -4.051572 -0.840229\n",
       "B   5.161337  -0.362556 -2.800048\n",
       "C -20.153147  -4.657603  0.319169\n",
       "F  -3.294740  11.396498 -1.695772\n",
       "E   3.275963   1.763572  6.306266\n",
       "J -16.142101  -4.088339 -1.289386"
      ]
     },
     "execution_count": 9,
     "metadata": {},
     "output_type": "execute_result"
    }
   ],
   "source": [
    "# Original points\n",
    "coords_rotated"
   ]
  },
  {
   "cell_type": "code",
   "execution_count": 10,
   "metadata": {},
   "outputs": [
    {
     "data": {
      "text/html": [
       "<div>\n",
       "<style>\n",
       "    .dataframe thead tr:only-child th {\n",
       "        text-align: right;\n",
       "    }\n",
       "\n",
       "    .dataframe thead th {\n",
       "        text-align: left;\n",
       "    }\n",
       "\n",
       "    .dataframe tbody tr th {\n",
       "        vertical-align: top;\n",
       "    }\n",
       "</style>\n",
       "<table border=\"1\" class=\"dataframe\">\n",
       "  <thead>\n",
       "    <tr style=\"text-align: right;\">\n",
       "      <th></th>\n",
       "      <th>x</th>\n",
       "      <th>y</th>\n",
       "      <th>z</th>\n",
       "    </tr>\n",
       "  </thead>\n",
       "  <tbody>\n",
       "    <tr>\n",
       "      <th>A</th>\n",
       "      <td>31.152716</td>\n",
       "      <td>-4.051502</td>\n",
       "      <td>-0.840006</td>\n",
       "    </tr>\n",
       "    <tr>\n",
       "      <th>B</th>\n",
       "      <td>5.161292</td>\n",
       "      <td>-0.362393</td>\n",
       "      <td>-2.800622</td>\n",
       "    </tr>\n",
       "    <tr>\n",
       "      <th>C</th>\n",
       "      <td>-20.153397</td>\n",
       "      <td>-4.657092</td>\n",
       "      <td>0.318458</td>\n",
       "    </tr>\n",
       "    <tr>\n",
       "      <th>F</th>\n",
       "      <td>-3.294788</td>\n",
       "      <td>11.396541</td>\n",
       "      <td>-1.695452</td>\n",
       "    </tr>\n",
       "    <tr>\n",
       "      <th>E</th>\n",
       "      <td>3.276087</td>\n",
       "      <td>1.763302</td>\n",
       "      <td>6.305963</td>\n",
       "    </tr>\n",
       "    <tr>\n",
       "      <th>J</th>\n",
       "      <td>-16.141910</td>\n",
       "      <td>-4.088856</td>\n",
       "      <td>-1.288341</td>\n",
       "    </tr>\n",
       "  </tbody>\n",
       "</table>\n",
       "</div>"
      ],
      "text/plain": [
       "           x          y         z\n",
       "A  31.152716  -4.051502 -0.840006\n",
       "B   5.161292  -0.362393 -2.800622\n",
       "C -20.153397  -4.657092  0.318458\n",
       "F  -3.294788  11.396541 -1.695452\n",
       "E   3.276087   1.763302  6.305963\n",
       "J -16.141910  -4.088856 -1.288341"
      ]
     },
     "execution_count": 10,
     "metadata": {},
     "output_type": "execute_result"
    }
   ],
   "source": [
    "# Points obtained from multi-dimensional scaling (MDS)\n",
    "pos_rotated"
   ]
  },
  {
   "cell_type": "code",
   "execution_count": 11,
   "metadata": {},
   "outputs": [
    {
     "data": {
      "text/html": [
       "<div>\n",
       "<style>\n",
       "    .dataframe thead tr:only-child th {\n",
       "        text-align: right;\n",
       "    }\n",
       "\n",
       "    .dataframe thead th {\n",
       "        text-align: left;\n",
       "    }\n",
       "\n",
       "    .dataframe tbody tr th {\n",
       "        vertical-align: top;\n",
       "    }\n",
       "</style>\n",
       "<table border=\"1\" class=\"dataframe\">\n",
       "  <thead>\n",
       "    <tr style=\"text-align: right;\">\n",
       "      <th></th>\n",
       "      <th>A</th>\n",
       "      <th>B</th>\n",
       "      <th>C</th>\n",
       "      <th>F</th>\n",
       "      <th>E</th>\n",
       "      <th>J</th>\n",
       "    </tr>\n",
       "  </thead>\n",
       "  <tbody>\n",
       "    <tr>\n",
       "      <th>A</th>\n",
       "      <td>0.000000</td>\n",
       "      <td>26.324893</td>\n",
       "      <td>51.322510</td>\n",
       "      <td>37.762415</td>\n",
       "      <td>29.359837</td>\n",
       "      <td>47.296934</td>\n",
       "    </tr>\n",
       "    <tr>\n",
       "      <th>B</th>\n",
       "      <td>26.324893</td>\n",
       "      <td>0.000000</td>\n",
       "      <td>25.865034</td>\n",
       "      <td>14.525839</td>\n",
       "      <td>9.539392</td>\n",
       "      <td>21.679483</td>\n",
       "    </tr>\n",
       "    <tr>\n",
       "      <th>C</th>\n",
       "      <td>51.322510</td>\n",
       "      <td>25.865034</td>\n",
       "      <td>0.000000</td>\n",
       "      <td>23.366643</td>\n",
       "      <td>25.019992</td>\n",
       "      <td>4.358899</td>\n",
       "    </tr>\n",
       "    <tr>\n",
       "      <th>F</th>\n",
       "      <td>37.762415</td>\n",
       "      <td>14.525839</td>\n",
       "      <td>23.366643</td>\n",
       "      <td>0.000000</td>\n",
       "      <td>14.142136</td>\n",
       "      <td>20.124612</td>\n",
       "    </tr>\n",
       "    <tr>\n",
       "      <th>E</th>\n",
       "      <td>29.359837</td>\n",
       "      <td>9.539392</td>\n",
       "      <td>25.019992</td>\n",
       "      <td>14.142136</td>\n",
       "      <td>0.000000</td>\n",
       "      <td>21.656408</td>\n",
       "    </tr>\n",
       "    <tr>\n",
       "      <th>J</th>\n",
       "      <td>47.296934</td>\n",
       "      <td>21.679483</td>\n",
       "      <td>4.358899</td>\n",
       "      <td>20.124612</td>\n",
       "      <td>21.656408</td>\n",
       "      <td>0.000000</td>\n",
       "    </tr>\n",
       "  </tbody>\n",
       "</table>\n",
       "</div>"
      ],
      "text/plain": [
       "           A          B          C          F          E          J\n",
       "A   0.000000  26.324893  51.322510  37.762415  29.359837  47.296934\n",
       "B  26.324893   0.000000  25.865034  14.525839   9.539392  21.679483\n",
       "C  51.322510  25.865034   0.000000  23.366643  25.019992   4.358899\n",
       "F  37.762415  14.525839  23.366643   0.000000  14.142136  20.124612\n",
       "E  29.359837   9.539392  25.019992  14.142136   0.000000  21.656408\n",
       "J  47.296934  21.679483   4.358899  20.124612  21.656408   0.000000"
      ]
     },
     "execution_count": 11,
     "metadata": {},
     "output_type": "execute_result"
    }
   ],
   "source": [
    "# Distance matrix of the original coordinates after rotation\n",
    "pd.DataFrame(euclidean_distances(coords_rotated),\n",
    "             index=coords.index, columns=coords.index)"
   ]
  },
  {
   "cell_type": "code",
   "execution_count": 12,
   "metadata": {},
   "outputs": [
    {
     "data": {
      "text/html": [
       "<div>\n",
       "<style>\n",
       "    .dataframe thead tr:only-child th {\n",
       "        text-align: right;\n",
       "    }\n",
       "\n",
       "    .dataframe thead th {\n",
       "        text-align: left;\n",
       "    }\n",
       "\n",
       "    .dataframe tbody tr th {\n",
       "        vertical-align: top;\n",
       "    }\n",
       "</style>\n",
       "<table border=\"1\" class=\"dataframe\">\n",
       "  <thead>\n",
       "    <tr style=\"text-align: right;\">\n",
       "      <th></th>\n",
       "      <th>A</th>\n",
       "      <th>B</th>\n",
       "      <th>C</th>\n",
       "      <th>F</th>\n",
       "      <th>E</th>\n",
       "      <th>J</th>\n",
       "    </tr>\n",
       "  </thead>\n",
       "  <tbody>\n",
       "    <tr>\n",
       "      <th>A</th>\n",
       "      <td>0.000000</td>\n",
       "      <td>26.325038</td>\n",
       "      <td>51.322762</td>\n",
       "      <td>37.762472</td>\n",
       "      <td>29.359551</td>\n",
       "      <td>47.296765</td>\n",
       "    </tr>\n",
       "    <tr>\n",
       "      <th>B</th>\n",
       "      <td>26.325038</td>\n",
       "      <td>0.000000</td>\n",
       "      <td>25.865161</td>\n",
       "      <td>14.525812</td>\n",
       "      <td>9.539522</td>\n",
       "      <td>21.679482</td>\n",
       "    </tr>\n",
       "    <tr>\n",
       "      <th>C</th>\n",
       "      <td>51.322762</td>\n",
       "      <td>25.865161</td>\n",
       "      <td>0.000000</td>\n",
       "      <td>23.366379</td>\n",
       "      <td>25.020239</td>\n",
       "      <td>4.358523</td>\n",
       "    </tr>\n",
       "    <tr>\n",
       "      <th>F</th>\n",
       "      <td>37.762472</td>\n",
       "      <td>14.525812</td>\n",
       "      <td>23.366379</td>\n",
       "      <td>0.000000</td>\n",
       "      <td>14.142077</td>\n",
       "      <td>20.124905</td>\n",
       "    </tr>\n",
       "    <tr>\n",
       "      <th>E</th>\n",
       "      <td>29.359551</td>\n",
       "      <td>9.539522</td>\n",
       "      <td>25.020239</td>\n",
       "      <td>14.142077</td>\n",
       "      <td>0.000000</td>\n",
       "      <td>21.655942</td>\n",
       "    </tr>\n",
       "    <tr>\n",
       "      <th>J</th>\n",
       "      <td>47.296765</td>\n",
       "      <td>21.679482</td>\n",
       "      <td>4.358523</td>\n",
       "      <td>20.124905</td>\n",
       "      <td>21.655942</td>\n",
       "      <td>0.000000</td>\n",
       "    </tr>\n",
       "  </tbody>\n",
       "</table>\n",
       "</div>"
      ],
      "text/plain": [
       "           A          B          C          F          E          J\n",
       "A   0.000000  26.325038  51.322762  37.762472  29.359551  47.296765\n",
       "B  26.325038   0.000000  25.865161  14.525812   9.539522  21.679482\n",
       "C  51.322762  25.865161   0.000000  23.366379  25.020239   4.358523\n",
       "F  37.762472  14.525812  23.366379   0.000000  14.142077  20.124905\n",
       "E  29.359551   9.539522  25.020239  14.142077   0.000000  21.655942\n",
       "J  47.296765  21.679482   4.358523  20.124905  21.655942   0.000000"
      ]
     },
     "execution_count": 12,
     "metadata": {},
     "output_type": "execute_result"
    }
   ],
   "source": [
    "# Distance matrix of the MDS coordinates after rotation\n",
    "pd.DataFrame(euclidean_distances(pos_rotated),\n",
    "             index=coords.index, columns=coords.index)"
   ]
  },
  {
   "cell_type": "code",
   "execution_count": 13,
   "metadata": {},
   "outputs": [
    {
     "data": {
      "text/html": [
       "<iframe id=\"igraph\" scrolling=\"no\" style=\"border:none;\" seamless=\"seamless\" src=\"https://plot.ly/~qap/24.embed\" height=\"525px\" width=\"100%\"></iframe>"
      ],
      "text/plain": [
       "<plotly.tools.PlotlyDisplay object>"
      ]
     },
     "execution_count": 13,
     "metadata": {},
     "output_type": "execute_result"
    }
   ],
   "source": [
    "# Visualise the two sets of coordinates\n",
    "\n",
    "label = coords.index\n",
    "\n",
    "trace0 = Scatter3d(\n",
    "    x=coords_rotated['x'],\n",
    "    y=coords_rotated['y'],\n",
    "    z=coords_rotated['z'],\n",
    "    mode='markers',\n",
    "    opacity=.5,\n",
    "    text=label,\n",
    "    marker=dict(size=2),\n",
    "    name=\"original\")\n",
    "\n",
    "trace1 = Scatter3d(\n",
    "    x=pos_rotated['x'],\n",
    "    y=pos_rotated['y'],\n",
    "    z=pos_rotated['z'],\n",
    "    mode='markers',\n",
    "    opacity=.3,\n",
    "    text=label,\n",
    "    name='from distance matrix')\n",
    "\n",
    "trace2 = Scatter3d(\n",
    "    x=coords['x'],\n",
    "    y=coords['y'],\n",
    "    z=coords['z'],\n",
    "    mode='markers',\n",
    "    opacity=.5,\n",
    "    text=label,\n",
    "    marker=dict(size=2, color='red'),\n",
    "    name='ooorginal')\n",
    "\n",
    "data = Data([trace0, trace1])\n",
    "\n",
    "py.iplot(data)"
   ]
  },
  {
   "cell_type": "code",
   "execution_count": null,
   "metadata": {},
   "outputs": [],
   "source": []
  }
 ],
 "metadata": {
  "kernelspec": {
   "display_name": "Python 3",
   "language": "python",
   "name": "python3"
  },
  "language_info": {
   "codemirror_mode": {
    "name": "ipython",
    "version": 3
   },
   "file_extension": ".py",
   "mimetype": "text/x-python",
   "name": "python",
   "nbconvert_exporter": "python",
   "pygments_lexer": "ipython3",
   "version": "3.6.1"
  }
 },
 "nbformat": 4,
 "nbformat_minor": 2
}
